eta_squared: 0.05932150731394802
f_statistic: 23.884909743180913
gate_passed: true
n_per_group: 304
p_value: 3.498433524841e-19
success_rates:
  G0: 0.41776315789473684
  G1: 0.40789473684210525
  G2: 0.18421052631578946
  G3: 0.16776315789473684
  G4: 0.22697368421052633
