task,claude-opus-4.6,gemini-3.1-pro-preview,gpt-5.4,grok-4.3,TOTAL
iclr2025_bi_align,7.0,5.0,9.0,2.0,23.0
iclr2025_buildingtrust,5.0,4.0,9.0,1.0,19.0
iclr2025_data_problems,7.0,2.0,6.0,3.0,18.0
iclr2025_dl4c,7.0,5.0,6.0,3.0,21.0
iclr2025_mldpr,4.0,4.0,7.0,2.0,17.0
iclr2025_question,8.0,5.0,9.0,1.0,23.0
iclr2025_scope,8.0,2.0,8.0,2.0,20.0
iclr2025_scsl,8.0,2.0,7.0,1.0,18.0
iclr2025_verifai,3.0,1.0,4.0,2.0,10.0
iclr2025_wsl,8.0,4.0,7.0,1.0,20.0
TOTAL,65.0,34.0,72.0,18.0,189.0
