task,claude-opus-4.6,gemini-3.1-pro-preview,gpt-5.4,grok-4.3,TOTAL
iclr2025_bi_align,8.0,5.0,6.0,1.0,20.0
iclr2025_buildingtrust,9.0,1.0,7.0,1.0,18.0
iclr2025_data_problems,5.0,5.0,7.0,1.0,18.0
iclr2025_dl4c,7.0,2.0,8.0,1.0,18.0
iclr2025_mldpr,6.0,4.0,8.0,0.0,18.0
iclr2025_question,7.0,3.0,5.0,1.0,16.0
iclr2025_scope,9.0,4.0,10.0,2.0,25.0
iclr2025_scsl,4.0,3.0,5.0,1.0,13.0
iclr2025_verifai,7.0,3.0,7.0,1.0,18.0
iclr2025_wsl,7.0,3.0,5.0,2.0,17.0
TOTAL,69.0,33.0,68.0,11.0,181.0
