mistral:
  base:
    accuracy: 0.5874519299245122
    auroc: 0.7797304265516064
    ci_lower: 0.7726748285810369
    ci_upper: 0.7872646731449977
    mean_correct: 1.6235878970178204
    mean_incorrect: 0.46824022527187986
    model_id: mistralai/Mistral-7B-v0.1
    n_samples: 14042
  delta:
    auroc_diff: 0.038456031627398635
    direction: degraded
  instruct:
    accuracy: 0.5771969804871101
    auroc: 0.7412743949242078
    ci_lower: 0.7333456077226
    ci_upper: 0.7488721670743066
    mean_correct: 13.380974080428748
    mean_incorrect: 7.860557336407276
    model_id: mistralai/Mistral-7B-Instruct-v0.2
    n_samples: 14042
qwen:
  base:
    accuracy: 0.7139296396524711
    auroc: 0.8298135294077478
    ci_lower: 0.822914528356586
    ci_upper: 0.8358372181097357
    mean_correct: 3.6050483167082295
    mean_incorrect: 0.9596636171272094
    model_id: Qwen/Qwen2.5-7B
    n_samples: 14042
  delta:
    auroc_diff: 0.02224036836087795
    direction: degraded
  instruct:
    accuracy: 0.7045292693348526
    auroc: 0.8075731610468698
    ci_lower: 0.7993549259360967
    ci_upper: 0.8154577441322988
    mean_correct: 7.149106375720206
    mean_incorrect: 2.932699332670523
    model_id: Qwen/Qwen2.5-7B-Instruct
    n_samples: 14042
