ci95_lower: -0.7815436058380623
ci95_upper: -0.1009779298157936
consistent_positive_families: 1
family_results:
  LLaMA:
    n: 9
    p_val: 0.5986348141427107
    p_val_holm: 1.0
    rho: -0.24358524783126326
  Mistral:
    n: 6
    p_val: 0.17310176940527894
    p_val_holm: 0.5193053082158368
    rho: -0.826898230594721
  Qwen:
    n: 6
    p_val: 0.6355945555932494
    p_val_holm: 1.0
    rho: 0.36440544440675066
gate: PARTIAL
n: 30
p_val: 0.0033730570364484927
rho: -0.5347166936744044
secondary:
  baseline_p: 0.003941006133564191
  baseline_rho: -0.5105672969966629
  cooks_flagged_models:
  - meta-llama/Meta-Llama-3-70B
  - google/gemma-7b-it
  - stabilityai/stablelm-zephyr-3b
  fisher_z_p: 0.5745420922780473
  fisher_z_stat: -0.5613747517279223
  vif:
    PC1: 1.0002255126603676
    RI: 1.0000558518008127
    mean_confidence: 1.00028136446118
