task,claude-opus-4.6,gemini-3.1-pro-preview,gpt-5.4,grok-4.3,TOTAL
iclr2025_bi_align,5.0,3.0,6.0,0.0,14.0
iclr2025_buildingtrust,7.0,4.0,8.0,1.0,20.0
iclr2025_data_problems,7.0,4.0,8.0,1.0,20.0
iclr2025_dl4c,5.0,4.0,7.0,3.0,19.0
iclr2025_mldpr,5.0,5.0,4.0,1.0,15.0
iclr2025_question,10.0,5.0,9.0,1.0,25.0
iclr2025_scope,5.0,3.0,9.0,2.0,19.0
iclr2025_scsl,4.0,3.0,8.0,0.0,15.0
iclr2025_verifai,4.0,3.0,8.0,1.0,16.0
iclr2025_wsl,7.0,4.0,7.0,1.0,19.0
TOTAL,59.0,38.0,74.0,11.0,182.0
